---Tokens string---

Lex_code  Line_num  Row_num   
401       1         1         
1007      1         9         
59        1         15        
404       3         1         
1008      3         13        
40        3         27        
1009      3         27        
44        3         31        
1010      3         33        
58        3         37        
1002      3         39        
1003      3         47        
41        3         54        
59        3         55        
404       5         2         
1011      5         12        
59        5         21        
404       8         2         
1012      8         12        
40        8         22        
1013      8         22        
58        8         26        
1001      8         28        
41        8         34        
59        8         35        
1014      9         5         
404       10        2         
1015      10        12        
40        10        22        
1016      10        22        
44        10        26        
1017      10        28        
44        10        32        
1018      10        34        
58        10        38        
1004      10        40        
1005      10        46        
1006      10        57        
41        10        60        
59        10        61        
402       12        1         
403       13        1         
59        13        4         
